0 36 1940 30 6661
1 0 0 0 0
2 0 0 0 0
3 0 0 0 0
4 0 0 0 0
5 0 0 0 0
6 0 0 0 0
7 0 0 0 0
8 0 0 0 0
9 0 0 0 0
10 0 0 0 0
11 0 0 0 0
12 0 0 0 0
13 0 0 0 0
14 0 0 0 0
15 0 0 0 0
16 0 0 0 0
17 0 0 0 0
18 0 0 0 0
19 0 0 0 0
20 0 0 0 0
21 0 0 0 0
22 0 0 0 0
23 0 0 0 0
24 0 0 0 0
25 5 737 5 3381
26 123 21181 130 75399
27 63 4382 99 120886
28 10 4456 15 13280
29 81 28725 84 29073
30 88 15575 115 78373
31 69 14516 79 41227
32 32 20351 38 22398
33 0 0 0 0
34 12 1974 22 23676
35 16 10693 17 1025
36 0 0 0 0
37 11 1642 11 5710
38 3 594 3 425
39 14 2736 15 4116
40 85 9447 116 92716
41 8 921 8 5690
42 5 614 6 668
43 0 0 0 0
44 0 0 0 0
45 0 0 0 0
46 1 40 2 104
47 2 80 2 80
48 0 0 0 0
49 0 0 0 0
50 13 1572 16 6267
51 0 0 0 0
52 0 0 0 0
53 0 0 0 0
54 0 0 0 0
55 0 0 0 0
56 13 1512 13 9642
57 90 4733 167 220093
58 72 9273 103 73482
59 66 3208 173 236276
60 36 6046 37 12172
61 17 1596 21 1522
62 15 1914 14 906
63 1 40 1 76
64 137 13083 258 271844
65 194 19373 588 747787
66 75 6804 192 230291
67 81 8027 189 209809
68 67 8123 144 140990
69 120 11208 559 749074
70 45 5711 163 197931
71 63 8739 143 137605
72 76 6819 255 302838
73 31 2175 137 179222
74 50 3955 221 282980
75 13 758 13 3181
76 9 484 9 1662
77 33 6885 37 11912
78 20 1942 30 24114
79 21 3040 21 6687
80 5 319 5 1567
81 7 562 10 7214
82 8 2469 8 1748
83 12 1184 24 25192
84 21 5790 22 4779
85 95 18133 133 86961
86 35 3308 110 134658
87 35 11067 50 39916
88 10 1048 12 4704
89 8 655 10 6743
90 7 400 7 1648
91 6 364 6 2879
92 37 6404 36 10274
93 179 17877 712 956187
94 101 8048 303 369457
95 15 6012 19 10978
96 15 811 66 84405
97 5 287 6 393
98 63 80754 64 8430
99 34 3617 54 44633
100 3 554 3 296
101 46 48008 85 68279
102 3 120 3 472
103 3 120 3 120
104 12 11619 12 628
105 23 1096 65 81174
106 29 1933 88 115966
107 28 11644 61 63164
108 0 0 0 0
109 12 808 15 2900
110 8 1976 8 1844
111 8 1734 8 1031
112 9 986 8 825
113 0 0 0 0
114 15 1425 25 27434
115 6 400 6 675
116 6 467 6 2984
117 5 313 5 1492
118 4 269 4 1437
119 9 505 10 2715
120 6 465 6 2780
121 11 551 11 1894
122 6 347 7 1679
123 5 311 5 1732
124 5 311 5 1496
125 9 610 10 3004
126 4 270 4 1490
127 10 547 12 2840
128 6 349 7 2943
129 14 784 16 2136
130 4 273 4 1413
131 4 272 4 1418
132 12 704 12 3143
133 4 270 4 1485
134 9 587 9 2939
135 0 0 0 0
136 9 632 9 2959
137 5 328 5 1562
138 4 160 4 210
139 3 259 3 1436
140 22 5107 21 2610
141 21 1399 50 56204
142 13 992 15 6506
143 49 6478 138 173574
144 10 1124 10 1378
145 0 0 0 0
146 2 80 2 130
147 4 192 4 425
148 2 80 2 248
149 1 40 1 90
150 5 200 5 224
151 3 120 3 283
152 5 200 6 353
153 3 120 3 322
154 2 80 2 80
155 0 0 0 0
156 2 80 2 80
157 0 0 0 0
158 9 425 9 847
159 0 0 0 0
160 3 693 3 170
161 7 1958 7 602
162 2 80 2 131
163 3 120 5 324
164 5 200 5 350
165 0 0 0 0
166 6 240 6 240
167 2 80 2 232
168 3 153 4 512
169 4 192 4 338
170 1 40 1 90
171 0 0 0 0
172 4 193 4 426
173 2 80 2 231
174 8 1038 8 1115
175 1 40 1 90
176 1 40 1 105
177 6 240 6 264
178 8 353 10 790
179 2 80 2 80
180 3 152 3 197
181 1 40 1 87
182 2 80 2 192
183 7 313 7 749
184 6 240 8 499
185 7 1712 7 450
186 1 40 1 89
187 38 4278 83 88007
188 36 11385 77 89161
189 4 414 4 410
190 0 0 0 0
191 6 272 6 385
192 5 1745 5 399
193 4 376 4 386
194 0 0 0 0
195 5 945 5 267
196 1 40 1 303
197 10 2012 12 3316
198 109 5025 585 820479
199 34 1590 174 243814
200 232 25490 2087 3004858
201 95 4087 758 1092503
202 36 1871 252 356037
203 18 18010 18 890
204 7 998 7 1083
205 29 2678 71 95713
206 57 3695 146 183889
207 6 1610 6 360
208 14 10158 14 1168
209 6 453 6 446
210 0 0 0 0
211 7 280 7 344
212 12 4906 12 512
213 14 1652 16 6619
214 0 0 0 0
215 0 0 0 0
216 2 293 2 80
217 2 80 2 355
218 0 0 0 0
219 0 0 0 0
220 0 0 0 0
221 0 0 0 0
222 2 80 2 80
223 2 112 2 108
224 2 80 2 80
225 0 0 0 0
226 11 2505 12 1290
227 0 0 0 0
228 8 1101 8 602
229 3 1341 3 720
230 3 120 3 120
231 15 2344 17 5602
232 3 120 3 120
233 0 0 0 0
234 8 1070 8 981
235 7 722 7 1139
236 1 40 1 105
237 0 0 0 0
238 25 5443 33 19555
239 55 3830 134 166052
240 14 1038 27 29382
241 13 15559 13 594
242 72 4806 189 237482
243 3 120 3 355
244 6 4654 6 268
245 50 2467 176 241999
246 102 5014 957 1378612
247 135 28539 1095 1568140
248 154 6321 718 1028156
249 3 153 3 296
250 21 6660 67 83973
251 4 897 4 410
252 2 80 2 80
253 0 0 0 0
254 5 457 5 442
255 2 112 2 108
256 10 2830 10 519
257 4 160 4 374
258 2 80 2 163
259 44 3652 129 166519
260 3 638 3 149
261 34 2325 172 231625
262 9 8299 9 480
263 8 1936 8 742
264 8 1038 8 1585
265 0 0 0 0
266 2 112 2 108
267 2 80 2 80
268 7 1937 8 521
269 19 2074 80 104146
270 84 4936 618 880423
271 109 38359 767 1067896
272 0 0 0 0
273 53 2266 379 539603
274 16 14129 93 121660
275 7 313 7 620
276 2 80 2 232
277 6 272 6 318
278 0 0 0 0
279 0 0 0 0
280 1 40 1 40
281 7 313 7 1275
282 1 40 1 139
283 1 40 1 91
284 0 0 0 0
285 25 2794 50 51098
286 39 4892 46 3211
287 6 371 9 493
288 0 0 0 0
289 17 1142 56 73568
290 3 120 6 337
291 2 80 2 80
292 2 113 2 778
293 0 0 0 0
294 0 0 0 0
295 3 1208 4 234
296 0 0 0 0
297 12 698 26 29618
298 26 2271 31 1751
299 2 80 2 80
300 0 0 0 0
301 6 240 6 240
302 0 0 0 0
303 0 0 0 0
304 0 0 0 0
305 0 0 0 0
306 4 917 5 303
307 3 154 3 238
308 19 2127 36 37727
309 30 5416 32 1969
310 0 0 0 0
311 0 0 0 0
312 2 80 2 80
313 6 1804 6 369
314 2 122 2 80
315 0 0 0 0
316 4 543 4 236
317 2 80 2 170
318 22 3194 31 19193
319 4 315 5 1291
320 7 371 7 1262
321 6 2522 7 946
322 6 565 6 309
323 3 363 3 194
324 12 1684 26 30007
325 8 353 10 1653
326 24 2944 30 2096
327 9 1289 9 360
328 16 1136 26 1726
329 2 112 2 108
330 2 80 2 80
331 0 0 0 0
332 2 80 2 253
333 2 80 3 183
334 2 80 3 183
335 0 0 0 0
336 1 40 1 40
337 0 0 0 0
338 0 0 0 0
339 2 112 2 108
340 0 0 0 0
341 0 0 0 0
342 2 80 2 80
343 0 0 0 0
344 2 80 2 80
345 0 0 0 0
346 0 0 0 0
347 6 240 6 240
348 0 0 0 0
349 2 112 2 108
350 0 0 0 0
351 0 0 0 0
352 0 0 0 0
353 0 0 0 0
354 0 0 0 0
355 0 0 0 0
356 0 0 0 0
357 0 0 0 0
358 0 0 0 0
359 3 152 3 148
360 3 153 3 455
361 2 80 2 80
362 0 0 0 0
363 1 40 1 40
364 0 0 0 0
365 3 120 3 912
366 0 0 0 0
367 2 80 2 80
368 0 0 0 0
369 3 152 3 148
370 0 0 0 0
371 4 160 4 317
372 2 113 2 133
373 0 0 0 0
374 1 40 1 100
375 2 80 2 80
376 0 0 0 0
377 1 40 1 40
378 1 40 1 70
379 2 112 2 108
380 0 0 0 0
381 1 40 1 40
382 0 0 0 0
383 0 0 0 0
384 4 715 4 326
385 0 0 0 0
386 2 80 3 201
387 1 40 1 40
388 1 40 1 69
389 1 40 1 70
390 2 80 2 80
391 7 2394 7 383
392 6 240 6 240
393 0 0 0 0
394 0 0 0 0
395 2 80 3 166
396 3 186 3 242
397 0 0 0 0
398 0 0 0 0
399 1 40 2 80
400 29 2356 29 1819
401 2 112 2 108
402 23 2116 28 1762
403 0 0 0 0
404 1 40 1 40
405 0 0 0 0
406 4 193 4 869
407 0 0 0 0
408 1 40 1 40
409 0 0 0 0
410 1 40 1 40
411 1 40 1 70
412 4 193 4 349
413 1 73 2 125
414 14 1828 14 803
415 1 40 1 70
416 66 5940 79 5033
417 0 0 0 0
418 0 0 0 0
419 0 0 0 0
420 2 80 2 134
421 0 0 0 0
422 4 160 4 428
423 5 266 5 460
424 0 0 0 0
425 5 265 5 327
426 1 40 1 40
427 6 273 8 685
428 1 40 1 96
429 1 40 1 40
430 3 120 7 435
431 1 40 1 69
432 3 120 3 179
433 1 40 1 69
434 4 193 4 465
435 3 152 3 179
436 3 153 3 331
437 7 313 8 413
438 1 40 1 70
439 18 1740 18 1211
440 5 365 9 537
441 0 0 0 0
442 4 193 4 386
443 6 273 7 440
444 5 755 5 366
445 0 0 0 0
446 0 0 0 0
447 23 3095 30 1862
448 1 73 2 271
449 3 153 4 252
450 0 0 0 0
451 2 80 2 80
452 0 0 0 0
453 1 40 1 40
454 1 40 3 201
455 0 0 0 0
456 0 0 0 0
457 4 192 4 188
458 0 0 0 0
459 0 0 0 0
460 0 0 0 0
461 2 80 2 80
462 0 0 0 0
463 0 0 0 0
464 0 0 0 0
465 1 40 1 40
466 2 113 2 293
467 3 152 3 148
468 0 0 0 0
469 0 0 0 0
470 0 0 0 0
471 1 40 1 40
472 0 0 0 0
473 0 0 0 0
474 0 0 0 0
475 0 0 0 0
476 0 0 0 0
477 2 112 2 108
478 1 40 1 40
479 0 0 0 0
480 0 0 0 0
481 0 0 0 0
482 5 200 5 200
483 0 0 0 0
484 0 0 0 0
485 0 0 0 0
486 2 113 2 357
487 1 72 1 40
488 1 40 1 68
489 0 0 0 0
490 1 40 1 40
491 0 0 0 0
492 2 113 2 307
493 0 0 0 0
494 1 40 1 40
495 0 0 0 0
496 2 80 2 80
497 0 0 0 0
498 3 152 3 148
499 0 0 0 0
500 0 0 0 0
501 0 0 0 0
502 2 80 2 80
503 0 0 0 0
504 4 715 4 326
505 0 0 0 0
506 2 80 2 80
507 0 0 0 0
508 1 72 1 40
509 1 40 1 68
510 1 40 1 40
511 0 0 0 0
512 1 40 1 40
513 4 1347 4 232
514 0 0 0 0
515 1 40 1 828
516 1 40 1 40
517 0 0 0 0
518 0 0 0 0
519 2 112 2 108
520 0 0 0 0
521 0 0 0 0
522 0 0 0 0
523 1 40 1 40
524 0 0 0 0
525 0 0 0 0
526 0 0 0 0
527 5 200 5 200
528 0 0 0 0
529 2 112 2 108
530 9 360 10 520
531 0 0 0 0
532 0 0 0 0
533 0 0 0 0
534 0 0 0 0
535 8 320 10 554
536 0 0 0 0
537 0 0 0 0
538 0 0 0 0
539 202 13882 627 837063
540 0 0 0 0
541 2 80 2 80
542 0 0 0 0
543 1 40 1 40
544 0 0 0 0
545 0 0 0 0
546 47 3785 52 3334
547 6 1009 6 311
548 0 0 0 0
549 1 40 1 40
550 4 1057 4 229
551 0 0 0 0
552 14 1445 18 1396
553 22 3922 23 1126
554 0 0 0 0
555 1 40 1 40
556 0 0 0 0
557 1 40 1 40
558 0 0 0 0
559 0 0 0 0
560 0 0 0 0
561 2 80 2 110
562 2 112 2 108
563 0 0 0 0
564 4 715 4 206
565 1 40 1 160
566 2 80 2 104
567 0 0 0 0
568 1 40 1 40
569 4 160 5 277
570 0 0 0 0
571 1 40 1 69
572 2 112 2 108
573 0 0 0 0
574 0 0 0 0
575 0 0 0 0
576 0 0 0 0
577 11 2959 12 4992
578 20 3810 25 12016
579 18 2917 17 5210
580 3 120 3 349
581 7 1914 7 844
582 3 1556 3 327
583 13 2334 13 4542
584 5 284 7 5620
585 4 407 4 283
586 40 6667 40 1989
587 11 1966 11 2598
588 4 373 4 210
589 1 40 1 216
590 3 333 3 296
591 4 1794 4 209
592 5 460 5 320
593 4 1580 4 386
594 16 4043 19 5477
595 0 0 0 0
596 4 839 4 239
597 6 240 6 627
598 2 80 2 161
599 2 80 2 138
600 2 80 2 136
601 1 40 1 154
602 3 120 3 221
603 4 193 4 408
604 0 0 0 0
605 3 152 4 238
606 10 2614 12 4968
607 3 120 3 462
608 4 193 5 440
609 3 120 2 206
610 1 40 1 245
611 3 153 3 173
612 2 80 2 166
613 4 160 4 295
614 1 40 1 140
615 1 40 1 95
616 7 345 7 658
617 6 240 6 481
618 4 194 4 422
619 1 40 1 70
620 6 240 6 535
621 0 0 0 0
622 0 0 0 0
623 3 943 3 170
624 7 998 7 1041
625 4 160 4 360
626 0 0 0 0
627 4 192 4 292
628 2 80 2 196
629 16 1623 10 4300
630 5 200 5 404
631 3 120 3 172
632 1 40 1 40
633 2 80 2 178
634 2 80 2 383
635 6 273 6 475
636 2 80 2 181
637 2 80 2 180
638 5 805 5 347
639 2 338 2 80
640 8 3362 8 725
641 6 1187 6 514
642 5 200 6 2874
643 4 814 4 386
644 7 6350 7 376
645 4 726 4 402
646 16 14306 16 1048
647 9 1048 9 5272
648 7 901 9 701
649 12 6764 12 609
650 2 80 2 262
651 0 0 0 0
652 0 0 0 0
653 2 654 2 80
654 8 1038 8 1123
655 0 0 0 0
656 0 0 0 0
657 4 193 4 520
658 4 611 4 207
659 5 232 7 518
660 0 0 0 0
661 0 0 0 0
662 0 0 0 0
663 0 0 0 0
664 2 80 2 195
665 2 80 2 196
666 1 40 1 738
667 1 40 1 89
668 1 40 1 103
669 3 120 5 327
670 5 232 5 258
671 0 0 0 0
672 0 0 0 0
673 0 0 0 0
674 1 40 1 40
675 17 3424 19 6310
676 5 200 5 399
677 0 0 0 0
678 1 40 1 40
679 0 0 0 0
680 5 265 5 482
681 4 160 4 361
682 1 40 1 140
683 2 589 2 80
684 7 998 7 1056
685 1 40 1 90
686 0 0 0 0
687 0 0 0 0
688 0 0 0 0
689 0 0 0 0
690 0 0 0 0
691 2 112 2 108
692 0 0 0 0
693 0 0 0 0
694 0 0 0 0
695 6 815 6 439
696 1 40 1 201
697 0 0 0 0
698 1 40 1 89
699 0 0 0 0
700 1 40 1 91
701 3 750 3 166
702 7 1410 8 4220
703 1 40 1 40
704 1 40 1 89
705 10 1454 10 1739
706 0 0 0 0
707 2 825 2 80
708 1 40 1 220
709 0 0 0 0
710 0 0 0 0
711 0 0 0 0
712 1 40 1 91
713 9 1356 9 460
714 4 711 4 962
715 2 80 2 80
716 1 40 1 89
717 1 40 1 90
718 0 0 0 0
719 1 40 1 40
720 0 0 0 0
721 2 80 2 130
722 0 0 0 0
723 2 80 2 130
724 2 112 2 108
725 1 40 1 334
726 1 40 1 89
727 0 0 0 0
728 0 0 0 0
729 0 0 0 0
730 0 0 0 0
731 2 80 2 314
732 1 40 1 90
733 0 0 0 0
734 0 0 0 0
735 11 1509 11 1685
736 1 40 1 160
737 9 2441 9 930
738 3 120 4 2617
739 0 0 0 0
740 3 1566 3 240
741 1 40 1 90
742 2 80 2 129
743 9 2045 9 603
744 2 80 2 690
745 0 0 0 0
746 2 112 2 108
747 1 40 1 90
748 1 40 1 40
749 0 0 0 0
750 0 0 0 0
751 4 1551 4 330
752 3 506 3 342
753 5 384 6 2289
754 3 2335 3 239
755 3 568 3 170
756 1 40 1 159
757 2 112 2 108
758 1 40 1 140
759 0 0 0 0
760 3 120 3 170
761 0 0 0 0
762 0 0 0 0
763 0 0 0 0
764 2 80 2 130
765 7 746 7 1496
766 1 40 1 40
767 1 40 1 90
768 3 152 3 148
769 0 0 0 0
770 1 40 1 90
771 0 0 0 0
772 0 0 0 0
773 4 878 4 206
774 3 1822 3 840
775 5 413 5 416
776 4 608 4 451
777 0 0 0 0
778 5 1949 5 958
779 5 752 5 404
780 0 0 0 0
781 12 6255 12 674
782 4 376 4 364
783 4 373 4 401
784 7 2206 7 507
785 4 373 4 489
786 3 333 3 273
787 8 3713 8 496
788 8 1024 7 959
789 9 6353 9 658
790 13 2582 13 4309
791 0 0 0 0
792 0 0 0 0
793 1 40 1 40
794 0 0 0 0
795 0 0 0 0
796 0 0 0 0
797 3 421 3 240
798 2 80 2 143
799 0 0 0 0
800 0 0 0 0
801 4 192 4 212
802 0 0 0 0
803 0 0 0 0
804 3 633 3 240
805 2 80 2 80
806 0 0 0 0
807 0 0 0 0
808 0 0 0 0
809 1 40 1 40
810 0 0 0 0
811 2 80 2 80
812 44 5681 48 23496
813 1 40 1 40
814 15 1926 15 8496
815 0 0 0 0
816 0 0 0 0
817 1 40 1 586
818 0 0 0 0
819 5 242 7 406
820 0 0 0 0
821 0 0 0 0
822 0 0 0 0
823 2 112 2 108
824 0 0 0 0
825 0 0 0 0
826 0 0 0 0
827 0 0 0 0
828 0 0 0 0
829 0 0 0 0
830 0 0 0 0
831 0 0 0 0
832 1 40 1 40
833 0 0 0 0
834 2 112 2 108
835 0 0 0 0
836 1 40 1 40
837 0 0 0 0
838 1 40 1 40
839 0 0 0 0
840 0 0 0 0
841 0 0 0 0
842 0 0 0 0
843 0 0 0 0
844 0 0 0 0
845 2 112 2 108
846 0 0 0 0
847 7 1303 8 3416
848 1 40 1 412
849 4 337 5 271
850 0 0 0 0
851 0 0 0 0
852 0 0 0 0
853 0 0 0 0
854 1 40 1 40
855 0 0 0 0
856 4 192 4 188
857 0 0 0 0
858 2 80 2 80
859 0 0 0 0
860 2 80 2 104
861 0 0 0 0
862 14 1756 19 13017
863 0 0 0 0
864 4 715 4 326
865 0 0 0 0
866 0 0 0 0
867 2 112 2 108
868 42 4663 106 132720
869 200 35107 385 395370
870 131 29278 342 396376
871 111 27460 259 295494
872 103 28497 191 181442
873 142 63987 263 236174
874 46 14304 79 75897
875 6 1961 6 3062
876 63 23745 120 96242
877 23 7788 33 21339
878 3 152 3 148
879 2 80 3 178
880 0 0 0 0
881 1 40 1 40
882 0 0 0 0
883 4 795 4 206
884 1 40 1 159
885 4 160 4 208
886 0 0 0 0
887 5 785 6 406
888 0 0 0 0
889 0 0 0 0
890 2 112 2 108
891 0 0 0 0
892 0 0 0 0
893 0 0 0 0
894 0 0 0 0
895 0 0 0 0
896 0 0 0 0
897 0 0 0 0
898 1 40 1 40
899 1 40 1 40
900 44 18122 62 43608
901 40 10611 93 102245
902 39 17722 49 31218
903 34 10097 35 9426
904 16 4050 23 21307
905 0 0 0 0
906 0 0 0 0
907 1 40 1 40
908 0 0 0 0
909 0 0 0 0
910 0 0 0 0
911 2 112 2 108
912 0 0 0 0
913 0 0 0 0
914 1 40 1 40
915 66 24082 105 86649
916 13 622 13 588
917 0 0 0 0
918 3 120 3 120
919 0 0 0 0
920 0 0 0 0
921 0 0 0 0
922 2 112 2 108
923 0 0 0 0
924 4 715 4 326
925 0 0 0 0
926 1 40 1 40
927 2 106 2 106
928 0 0 0 0
929 2 999 2 602
930 6 2276 8 922
931 39 10504 106 129150
932 22 11653 24 7140
933 49 26386 58 16600
934 30 13270 29 7206
935 32 6270 43 34076
936 8 3230 8 1910
937 40 12006 50 24277
938 4 1304 4 1180
939 13 5154 16 4836
940 0 0 0 0
941 0 0 0 0
942 0 0 0 0
943 0 0 0 0
944 3 152 3 148
945 3 120 4 222
946 1 40 1 40
947 2 113 2 308
948 7 1303 10 9110
949 30 15858 30 8698
950 24 8467 26 9581
951 25 8662 22 4826
952 1 40 1 40
953 0 0 0 0
954 5 265 5 452
955 1 40 1 99
956 0 0 0 0
957 0 0 0 0
958 0 0 0 0
959 0 0 0 0
960 0 0 0 0
961 9 360 11 553
962 1 40 1 69
963 4 160 4 189
964 0 0 0 0
965 5 232 6 330
966 4 193 4 429
967 3 120 3 289
968 0 0 0 0
969 1 40 1 560
970 2 80 2 139
971 2 80 2 80
972 0 0 0 0
973 3 153 3 381
974 1 40 1 89
975 0 0 0 0
976 2 112 2 108
977 1 40 1 40
978 0 0 0 0
979 4 193 4 414
980 0 0 0 0
981 10 400 10 555
982 0 0 0 0
983 4 479 4 232
984 5 755 5 407
985 3 153 3 368
986 0 0 0 0
987 2 112 2 108
988 0 0 0 0
989 1 40 1 40
990 0 0 0 0
991 1 40 1 40
992 0 0 0 0
993 1 40 1 40
994 0 0 0 0
995 0 0 0 0
996 0 0 0 0
997 1 40 1 40
998 2 112 2 108
999 0 0 0 0
1000 0 0 0 0
1001 0 0 0 0
1002 0 0 0 0
1003 0 0 0 0
1004 0 0 0 0
1005 0 0 0 0
1006 12 546 13 846
1007 0 0 0 0
1008 3 120 3 120
1009 2 112 2 108
1010 1 40 1 40
1011 0 0 0 0
1012 1 40 1 40
1013 0 0 0 0
1014 0 0 0 0
1015 0 0 0 0
1016 1 40 1 40
1017 0 0 0 0
1018 1 40 1 40
1019 0 0 0 0
1020 2 112 2 108
1021 0 0 0 0
1022 1 40 1 40
1023 0 0 0 0
1024 1 40 1 40
1025 0 0 0 0
1026 5 200 5 200
1027 0 0 0 0
1028 0 0 0 0
1029 1 40 1 40
1030 0 0 0 0
1031 2 112 2 108
1032 0 0 0 0
1033 0 0 0 0
1034 1 40 1 40
1035 0 0 0 0
1036 1 40 1 40
1037 0 0 0 0
1038 1 40 1 40
1039 0 0 0 0
1040 0 0 0 0
1041 0 0 0 0
1042 3 152 3 148
1043 0 0 0 0
1044 4 715 4 811
1045 0 0 0 0
1046 4 324 4 232
1047 0 0 0 0
1048 0 0 0 0
1049 0 0 0 0
1050 0 0 0 0
1051 6 240 6 240
1052 2 80 3 193
1053 7 312 7 308
1054 0 0 0 0
1055 1 40 1 40
1056 0 0 0 0
1057 1 40 1 40
1058 0 0 0 0
1059 0 0 0 0
1060 0 0 0 0
1061 1 40 1 40
1062 0 0 0 0
1063 1 40 1 40
1064 2 112 2 108
1065 4 160 5 277
1066 0 0 0 0
1067 1 40 1 40
1068 0 0 0 0
1069 1 40 1 40
1070 0 0 0 0
1071 5 200 5 200
1072 0 0 0 0
1073 0 0 0 0
1074 0 0 0 0
1075 2 112 2 108
1076 0 0 0 0
1077 0 0 0 0
1078 0 0 0 0
1079 1 40 1 40
1080 0 0 0 0
1081 0 0 0 0
1082 0 0 0 0
10