0 34 1828 28 6735
1 2 80 2 80
2 0 0 0 0
3 0 0 0 0
4 0 0 0 0
5 0 0 0 0
6 0 0 0 0
7 0 0 0 0
8 0 0 0 0
9 0 0 0 0
10 0 0 0 0
11 0 0 0 0
12 0 0 0 0
13 0 0 0 0
14 0 0 0 0
15 0 0 0 0
16 8 941 6 687
17 7 1245 7 4263
18 10 1808 11 6334
19 3 657 2 84
20 9 1566 10 4809
21 54 5684 78 71972
22 18 2829 18 6034
23 19 4308 21 9347
24 129 15974 231 206364
25 83 37644 199 216914
26 9 717 12 3811
27 13 2025 13 4952
28 2 80 2 80
29 98 5418 315 421856
30 2 216 2 80
31 23 959 111 159590
32 34 10195 60 53568
33 129 9497 484 690421
34 30 3788 85 108307
35 77 4716 592 857967
36 50 4615 249 332872
37 0 0 0 0
38 1 40 1 40
39 1 40 1 40
40 1 40 1 40
41 0 0 0 0
42 1 40 1 40
43 1 40 1 40
44 74 13412 238 299256
45 36 31057 110 125944
46 55 8888 273 355499
47 46 7655 108 108035
48 107 41339 217 250317
49 82 11283 159 195330
50 69 6276 186 225836
51 36 6555 128 172178
52 39 4355 114 156937
53 32 3929 146 207979
54 44 5107 117 157610
55 4 160 4 160
56 1 40 1 40
57 1 40 1 40
58 4 160 4 160
59 1 40 1 40
60 0 0 0 0
61 46 7240 102 127071
62 16 15274 17 3090
63 2 1374 3 2201
64 21 9532 24 14199
65 33 5390 92 121220
66 31 7425 113 150649
67 31 3818 132 184819
68 15 3063 22 6493
69 27 1080 85 120389
70 133 11905 882 1262664
71 267 11973 1484 2146462
72 0 0 0 0
73 2 723 3 257
74 4 160 4 160
75 5 200 5 200
76 2 80 2 80
77 1 40 1 40
78 1 40 1 40
79 3 120 3 120
80 4 238 4 238
81 5 239 5 239
82 2 119 2 119
83 4 238 4 238
84 3 120 3 120
85 6 240 6 240
86 100 5294 434 623549
87 2 119 2 119
88 1 40 1 40
89 6 1536 7 480
90 1 40 1 40
91 2 80 2 80
92 0 0 0 0
93 0 0 0 0
94 1 40 1 40
95 4 160 4 160
96 6 240 6 240
97 1 40 1 40
98 1 40 1 40
99 3 120 3 120
100 1 40 1 40
101 0 0 0 0
102 2 80 2 80
103 0 0 0 0
104 0 0 0 0
105 7 319 7 319
106 164 9761 1101 1583708
107 66 2640 388 560465
108 3 159 3 159
109 7 358 7 358
110 1 40 1 40
111 2 687 3 257
112 1 40 1 40
113 0 0 0 0
114 0 0 0 0
115 4 160 4 160
116 10 2220 11 640
117 3 120 3 120
118 1 40 1 40
119 1 40 1 40
120 3 120 3 120
121 0 0 0 0
122 1 40 1 40
123 0 0 0 0
124 0 0 0 0
125 4 160 4 160
126 166 9321 1420 2081406
127 2 80 2 80
128 0 0 0 0
129 1 40 1 40
130 3 120 3 120
131 1 40 1 40
132 1 40 1 40
133 3 144 3 120
134 3 144 3 120
135 3 120 3 120
136 13 1041 14 699
137 1 40 1 40
138 1 40 1 40
139 5 278 5 278
140 93 5148 1065 1568467
141 7 319 26 34971
142 4 238 4 238
143 0 0 0 0
144 0 0 0 0
145 39 3934 169 231755
146 26 1040 220 311315
147 2 80 2 80
148 1 40 1 40
149 5 200 5 200
150 2 80 2 80
151 3 730 4 297
152 0 0 0 0
153 0 0 0 0
154 0 0 0 0
155 0 0 0 0
156 4 160 4 160
157 1 40 1 40
158 2 80 2 80
159 1 40 1 40
160 4 184 4 160
161 5 224 5 200
162 0 0 0 0
163 4 199 4 199
164 2 80 2 80
165 0 0 0 0
166 6 764 7 419
167 3 159 3 159
168 5 278 5 278
169 1 40 1 40
170 64 3855 395 566040
171 1 40 1 40
172 0 0 0 0
173 3 1162 4 360
174 0 0 0 0
175 137 6870 1118 1632177
176 2 80 2 80
177 1 40 1 40
178 1 40 1 40
179 0 0 0 0
180 11 512 11 440
181 3 144 3 120
182 0 0 0 0
183 3 144 3 120
184 0 0 0 0
185 0 0 0 0
186 1 40 1 40
187 0 0 0 0
188 0 0 0 0
189 0 0 0 0
190 1 40 1 40
191 2 691 3 257
192 8 446 8 320
193 0 0 0 0
194 4 223 4 160
195 12 669 12 480
196 4 695 5 339
197 0 0 0 0
198 4 223 4 160
199 58 3615 376 540349
200 0 0 0 0
201 3 1160 4 360
202 0 0 0 0
203 0 0 0 0
204 0 0 0 0
205 0 0 0 0
206 1 40 1 40
207 0 0 0 0
208 0 0 0 0
209 1 40 1 40
210 0 0 0 0
211 3 1107 4 360
212 0 0 0 0
213 0 0 0 0
214 0 0 0 0
215 0 0 0 0
216 1 40 1 40
217 4 223 4 160
218 0 0 0 0
219 0 0 0 0
220 5 263 5 200
221 144 7276 1004 1442201
222 0 0 0 0
223 0 0 0 0
224 0 0 0 0
225 0 0 0 0
226 3 645 4 299
227 0 0 0 0
228 0 0 0 0
229 30 3532 143 198568
230 23 920 231 336508
231 3 731 4 297
232 0 0 0 0
233 0 0 0 0
234 0 0 0 0
235 0 0 0 0
236 0 0 0 0
237 0 0 0 0
238 0 0 0 0
239 0 0 0 0
240 1 40 1 40
241 1 40 1 40
242 0 0 0 0
243 0 0 0 0
244 0 0 0 0
245 0 0 0 0
246 0 0 0 0
247 0 0 0 0
248 0 0 0 0
249 0 0 0 0
250 1 40 1 40
251 0 0 0 0
252 1 40 1 40
253 0 0 0 0
254 0 0 0 0
255 0 0 0 0
256 3 644 4 299
257 3 1157 4 360
258 0 0 0 0
259 55 3495 370 531810
260 0 0 0 0
261 1 1430 1 40
262 121 5642 1125 1663498
263 0 0 0 0
264 0 0 0 0
265 0 0 0 0
266 0 0 0 0
267 0 0 0 0
268 0 0 0 0
269 0 0 0 0
270 1 40 1 40
271 2 690 3 257
272 1 40 1 40
273 0 0 0 0
274 0 0 0 0
275 0 0 0 0
276 0 0 0 0
277 0 0 0 0
278 0 0 0 0
279 0 0 0 0
280 1 40 1 40
281 0 0 0 0
282 1 40 1 40
283 0 0 0 0
284 0 0 0 0
285 3 1160 4 360
286 3 646 4 299
287 0 0 0 0
288 0 0 0 0
289 70 4095 352 503487
290 0 0 0 0
291 0 0 0 0
292 1 40 1 40
293 0 0 0 0
294 0 0 0 0
295 0 0 0 0
296 0 0 0 0
297 0 0 0 0
298 0 0 0 0
299 1 40 1 40
300 0 0 0 0
301 0 0 0 0
302 0 0 0 0
303 93 5110 1059 1564574
304 0 0 0 0
305 0 0 0 0
306 0 0 0 0
307 0 0 0 0
308 0 0 0 0
309 0 0 0 0
310 1 40 1 40
311 2 691 3 257
312 0 0 0 0
313 4 1206 5 400
314 0 0 0 0
315 0 0 0 0
316 3 646 4 299
317 0 0 0 0
318 0 0 0 0
319 41 2935 356 516946
320 2 115 2 111
321 2 119 2 119
322 0 0 0 0
323 0 0 0 0
324 1 40 1 40
325 0 0 0 0
326 0 0 0 0
327 0 0 0 0
328 0 0 0 0
329 1 40 1 40
330 0 0 0 0
331 0 0 0 0
332 0 0 0 0
333 0 0 0 0
334 1 40 1 40
335 0 0 0 0
336 0 0 0 0
337 0 0 0 0
338 0 0 0 0
339 117 6070 738 1068536
340 46 1840 408 589444
341 3 1163 4 360
342 0 0 0 0
343 0 0 0 0
344 0 0 0 0
345 0 0 0 0
346 3 645 4 299
347 0 0 0 0
348 0 0 0 0
349 70 4095 392 561851
350 1 40 1 40
351 2 690 3 257
352 0 0 0 0
353 0 0 0 0
354 0 0 0 0
355 0 0 0 0
356 0 0 0 0
357 0 0 0 0
358 0 0 0 0
359 1 40 1 40
360 1 40 1 40
361 0 0 0 0
362 0 0 0 0
363 0 0 0 0
364 0 0 0 0
365 0 0 0 0
366 0 0 0 0
367 0 0 0 0
368 0 0 0 0
369 4 1198 5 400
370 1 40 1 40
371 0 0 0 0
372 0 0 0 0
373 0 0 0 0
374 0 0 0 0
375 0 0 0 0
376 171 8755 1111 1601107
377 0 0 0 0
378 0 0 0 0
379 0 0 0 0
380 3 159 3 159
381 0 0 0 0
382 0 0 0 0
383 0 0 0 0
384 0 0 0 0
385 0 0 0 0
386 1 40 1 40
387 0 0 0 0
388 0 0 0 0
389 72 4175 379 545869
390 0 0 0 0
391 2 692 3 257
392 0 0 0 0
393 0 0 0 0
394 0 0 0 0
395 0 0 0 0
396 1 40 1 40
397 0 0 0 0
398 0 0 0 0
399 1 40 1 40
400 0 0 0 0
401 0 0 0 0
402 0 0 0 0
403 0 0 0 0
404 0 0 0 0
405 0 0 0 0
406 3 647 4 299
407 1 40 1 40
408 0 0 0 0
409 0 0 0 0
410 1 40 1 40
411 0 0 0 0
412 0 0 0 0
413 0 0 0 0
414 0 0 0 0
415 29 2550 123 175232
416 83 3320 930 1378925
417 0 0 0 0
418 0 0 0 0
419 0 0 0 0
420 61 3735 366 524687
421 0 0 0 0
422 0 0 0 0
423 0 0 0 0
424 0 0 0 0
425 0 0 0 0
426 1 40 1 40
427 0 0 0 0
428 0 0 0 0
429 0 0 0 0
430 1 40 1 40
431 2 692 3 257
432 4 223 4 160
433 0 0 0 0
434 0 0 0 0
435 0 0 0 0
436 4 685 5 339
437 0 0 0 0
438 0 0 0 0
439 0 0 0 0
440 1 40 1 40
441 0 0 0 0
442 0 0 0 0
443 0 0 0 0
444 0 0 0 0
445 0 0 0 0
446 1 40 1 40
447 0 0 0 0
448 0 0 0 0
449 41 2935 336 491753
450 0 0 0 0
451 0 0 0 0
452 0 0 0 0
453 0 0 0 0
454 0 0 0 0
455 0 0 0 0
456 156 7630 1150 1664667
457 0 0 0 0
458 0 0 0 0
459 1 40 1 40
460 0 0 0 0
461 0 0 0 0
462 0 0 0 0
463 0 0 0 0
464 0 0 0 0
465 0 0 0 0
466 4 684 5 339
467 0 0 0 0
468 0 0 0 0
469 0 0 0 0
470 1 40 1 40
471 2 692 3 257
472 0 0 0 0
473 0 0 0 0
474 0 0 0 0
475 0 0 0 0
476 0 0 0 0
477 1 40 1 40
478 0 0 0 0
479 57 3575 376 537978
480 0 0 0 0
481 0 0 0 0
482 0 0 0 0
483 0 0 0 0
484 0 0 0 0
485 0 0 0 0
486 0 0 0 0
487 1 40 1 40
488 0 0 0 0
489 1 40 1 40
490 0 0 0 0
491 0 0 0 0
492 0 0 0 0
493 0 0 0 0
494 0 0 0 0
495 0 0 0 0
496 3 645 4 299
497 66 4030 314 449508
498 96 3840 841 1217610
499 1 40 1 40
500 0 0 0 0
501 0 0 0 0
502 0 0 0 0
503 0 0 0 0
504 0 0 0 0
505 0 0 0 0
506 0 0 0 0
507 0 0 0 0
508 1 40 1 40
509 22 2175 108 155088
510 32 1280 223 323080
511 2 690 3 257
512 0 0 0 0
513 0 0 0 0
514 0 0 0 0
515 0 0 0 0
516 0 0 0 0
517 0 0 0 0
518 1 40 1 40
519 0 0 0 0
520 1 40 1 40
521 0 0 0 0
522 0 0 0 0
523 0 0 0 0
524 0 0 0 0
525 0 0 0 0
526 3 645 4 299
527 0 0 0 0
528 1 40 1 40
529 0 0 0 0
530 1 40 1 40
531 0 0 0 0
532 0 0 0 0
533 0 0 0 0
534 0 0 0 0
535 0 0 0 0
536 0 0 0 0
537 3 1167 4 360
538 0 0 0 0
539 43 3016 361 532092
540 0 0 0 0
541 0 0 0 0
542 0 0 0 0
543 0 0 0 0
544 0 0 0 0
545 1 1430 1 40
546 111 4440 1048 1520866
547 0 0 0 0
548 0 0 0 0
549 1 40 1 40
550 0 0 0 0
551 2 687 3 257
552 0 0 0 0
553 0 0 0 0
554 0 0 0 0
555 0 0 0 0
556 4 685 5 339
557 0 0 0 0
558 0 0 0 0
559 1 40 1 40
560 0 0 0 0
561 0 0 0 0
562 0 0 0 0
563 0 0 0 0
564 0 0 0 0
565 4 1198 5 400
566 1 40 1 40
567 0 0 0 0
568 0 0 0 0
569 49 3257 371 539593
570 0 0 0 0
571 0 0 0 0
572 0 0 0 0
573 0 0 0 0
574 0 0 0 0
575 0 0 0 0
576 0 0 0 0
577 1 40 1 40
578 0 0 0 0
579 1 40 1 40
580 0 0 0 0
581 0 0 0 0
582 0 0 0 0
583 9 1584 9 1187
584 24 2389 43 57277
585 125 5000 1113 1612508
586 3 656 4 299
587 0 0 0 0
588 0 0 0 0
589 0 0 0 0
590 1 40 1 40
591 2 690 3 257
592 0 0 0 0
593 3 1157 4 360
594 0 0 0 0
595 1 40 1 40
596 0 0 0 0
597 0 0 0 0
598 0 0 0 0
599 0 0 0 0
600 64 3857 399 573268
601 0 0 0 0
602 0 0 0 0
603 0 0 0 0
604 0 0 0 0
605 0 0 0 0
606 1 40 1 40
607 0 0 0 0
608 0 0 0 0
609 0 0 0 0
610 1 40 1 40
611 0 0 0 0
612 0 0 0 0
613 0 0 0 0
614 0 0 0 0
615 0 0 0 0
616 4 685 5 339
617 0 0 0 0
618 0 0 0 0
619 0 0 0 0
620 1 40 1 40
621 4 1236 6 471
622 0 0 0 0
623 0 0 0 0
624 0 0 0 0
625 0 0 0 0
626 1 40 1 40
627 92 5070 779 1144957
628 34 1360 219 316766
629 65 3897 420 609855
630 0 0 0 0
631 2 691 3 257
632 0 0 0 0
633 0 0 0 0
634 0 0 0 0
635 0 0 0 0
636 0 0 0 0
637 0 0 0 0
638 1 40 1 40
639 1 40 1 40
640 0 0 0 0
641 0 0 0 0
642 2 119 2 119
643 0 0 0 0
644 0 0 0 0
645 0 0 0 0
646 3 645 4 299
647 0 0 0 0
648 1 40 1 40
649 4 1198 5 400
650 1 40 1 40
651 0 0 0 0
652 0 0 0 0
653 0 0 0 0
654 0 0 0 0
655 0 0 0 0
656 0 0 0 0
657 0 0 0 0
658 53 3510 237 337540
659 87 3480 859 1256679
660 1 40 1 40
661 0 0 0 0
662 4 1887 5 400
663 0 0 0 0
664 0 0 0 0
665 0 0 0 0
666 0 0 0 0
667 0 0 0 0
668 0 0 0 0
669 61 3737 364 523805
670 0 0 0 0
671 2 691 3 257
672 0 0 0 0
673 0 0 0 0
674 0 0 0 0
675 0 0 0 0
676 3 646 4 299
677 3 1158 4 360
678 0 0 0 0
679 2 80 2 80
680 0 0 0 0
681 0 0 0 0
682 0 0 0 0
683 0 0 0 0
684 0 0 0 0
685 0 0 0 0
686 0 0 0 0
687 0 0 0 0
688 0 0 0 0
689 1 40 1 40
690 1 40 1 40
691 0 0 0 0
692 0 0 0 0
693 0 0 0 0
694 0 0 0 0
695 135 6790 1109 1621840
696 5 200 24 34046
697 0 0 0 0
698 0 0 0 0
699 52 3377 192 274316
700 32 1319 155 221863
701 0 0 0 0
702 0 0 0 0
703 0 0 0 0
704 0 0 0 0
705 0 0 0 0
706 1 40 1 40
707 0 0 0 0
708 0 0 0 0
709 0 0 0 0
710 1 40 1 40
711 2 692 3 257
712 0 0 0 0
713 0 0 0 0
714 0 0 0 0
715 0 0 0 0
716 4 687 5 339
717 0 0 0 0
718 0 0 0 0
719 0 0 0 0
720 1 40 1 40
721 0 0 0 0
722 0 0 0 0
723 0 0 0 0
724 0 0 0 0
725 0 0 0 0
726 1 40 1 40
727 0 0 0 0
728 0 0 0 0
729 14 1857 52 73276
730 63 2520 302 434624
731 0 0 0 0
732 0 0 0 0
733 0 0 0 0
734 0 0 0 0
735 0 0 0 0
736 1 40 1 40
737 0 0 0 0
738 0 0 0 0
739 0 0 0 0
740 1 40 1 40
741 0 0 0 0
742 0 0 0 0
743 0 0 0 0
744 0 0 0 0
745 0 0 0 0
746 4 685 5 339
747 1 1430 1 40
748 146 5840 1057 1522160
749 0 0 0 0
750 1 40 1 40
751 2 692 3 257
752 0 0 0 0
753 0 0 0 0
754 0 0 0 0
755 3 183 3 120
756 0 0 0 0
757 0 0 0 0
758 1 40 1 40
759 76 4337 364 521795
760 0 0 0 0
761 0 0 0 0
762 0 0 0 0
763 0 0 0 0
764 0 0 0 0
765 0 0 0 0
766 0 0 0 0
767 0 0 0 0
768 1 40 1 40
769 1 40 1 40
770 0 0 0 0
771 0 0 0 0
772 0 0 0 0
773 0 0 0 0
774 0 0 0 0
775 0 0 0 0
776 0 0 0 0
777 0 0 0 0
778 1 40 1 40
779 1 40 1 40
780 0 0 0 0
781 0 0 0 0
782 0 0 0 0
783 53 3510 289 416459
784 106 4240 857 1238320
785 0 0 0 0
786 3 647 4 299
787 0 0 0 0
788 0 0 0 0
789 78 4417 367 532024
790 0 0 0 0
791 2 692 3 257
792 0 0 0 0
793 0 0 0 0
794 1 40 1 40
795 0 0 0 0
796 0 0 0 0
797 0 0 0 0
798 0 0 0 0
799 1 40 1 40
800 0 0 0 0
801 0 0 0 0
802 0 0 0 0
803 0 0 0 0
804 1 40 1 40
805 0 0 0 0
806 0 0 0 0
807 0 0 0 0
808 0 0 0 0
809 1 40 1 40
810 0 0 0 0
811 0 0 0 0
812 0 0 0 0
813 0 0 0 0
814 1 40 1 40
815 0 0 0 0
816 3 646 4 299
817 0 0 0 0
818 0 0 0 0
819 32 2577 147 209696
820 17 680 48 67997
821 0 0 0 0
822 0 0 0 0
823 0 0 0 0
824 0 0 0 0
825 1 40 1 40
826 0 0 0 0
827 0 0 0 0
828 0 0 0 0
829 0 0 0 0
830 1 40 1 40
831 2 690 3 257
832 0 0 0 0
833 0 0 0 0
834 0 0 0 0
835 1 40 1 40
836 0 0 0 0
837 0 0 0 0
838 0 0 0 0
839 0 0 0 0
840 1 40 1 40
841 0 0 0 0
842 0 0 0 0
843 0 0 0 0
844 0 0 0 0
845 1 40 1 40
846 3 646 4 299
847 0 0 0 0
848 0 0 0 0
849 0 0 0 0
850 1 40 1 40
851 0 0 0 0
852 0 0 0 0
853 0 0 0 0
854 0 0 0 0
855 1 40 1 40
856 0 0 0 0
857 0 0 0 0
858 0 0 0 0
859 0 0 0 0
860 1 40 1 40
861 0 0 0 0
862 0 0 0 0
863 0 0 0 0
864 0 0 0 0
865 1 40 1 40
866 0 0 0 0
867 0 0 0 0
868 0 0 0 0
869 0 0 0 0
870 0 0 0 0
871 3 731 4 297
872 0 0 0 0
873 3 1162 4 360
874 0 0 0 0
875 0 0 0 0
876 5 707 6 379
877 0 0 0 0
878 0 0 0 0
879 0 0 0 0
880 0 0 0 0
881 1 40 1 40
882 0 0 0 0
883 0 0 0 0
884 0 0 0 0
885 0 0 0 0
886 1 40 1 40
887 0 0 0 0
888 0 0 0 0
889 0 0 0 0
890 0 0 0 0
891 1 40 1 40
892 0 0 0 0
893 0 0 0 0
894 0 0 0 0
895 0 0 0 0
896 1 40 1 40
897 0 0 0 0
898 0 0 0 0
899 0 0 0 0
900 3 144 3 120
901 4 1204 5 400
902 0 0 0 0
903 0 0 0 0
904 0 0 0 0
905 0 0 0 0
906 3 637 4 299
907 0 0 0 0
908 0 0 0 0
909 0 0 0 0
910 1 612 1 40
911 1 79 2 217
912 1 40 1 40
913 0 0 0 0
914 0 0 0 0
915 0 0 0 0
916 0 0 0 0
917 0 0 0 0
918 0 0 0 0
919 0 0 0 0
920 0 0 0 0
921 1 75 2 111
922 1 40 1 40
923 0 0 0 0
924 0 0 0 0
925 0 0 0 0
926 0 0 0 0
927 0 0 0 0
928 0 0 0 0
929 3 1158 4 360
930 0 0 0 0
931 0 0 0 0
932 1 40 1 40
933 0 0 0 0
934 0 0 0 0
935 3 144 3 120
936 3 628 4 299
937 0 0 0 0
938 0 0 0 0
939 0 0 0 0
940 0 0 0 0
941 0 0 0 0
942 0 0 0 0
943 0 0 0 0
944 0 0 0 0
945 0 0 0 0
946 10 2931 11 4097
947 3 120 7 9705
948 0 0 0 0
949 0 0 0 0
950 1 610 1 40
951 1 79 2 217
952 0 0 0 0
953 0 0 0 0
954 0 0 0 0
955 7 2027 7 521
956 10 1004 14 8134
957 5 1941 6 440
958 4 432 6 4594
959 77 3294 274 391593
960 0 0 0 0
961 9 3714 21 22676
962 0 0 0 0
963 23 10299 24 1789
964 81 4587 293 420051
965 42 2989 113 160297
966 170 9887 838 1210914
967 92 6499 402 550883
968 4 516 7 4716
969 34 2800 119 161240
970 46 31770 129 137022
971 7 3905 8 2699
972 0 0 0 0
973 0 0 0 0
974 1 40 1 40
975 70 4110 273 390471
976 5 1444 7 556
977 54 3554 305 440408
978 0 0 0 0
979 0 0 0 0
980 100 6931 534 762313
981 86 4834 450 644866
982 0 0 0 0
983 60 4345 417 599212
984 63 3914 363 518840
985 5 4132 6 440
986 0 0 0 0
987 38 2914 259 377069
988 0 0 0 0
989 1 1434 1 40
990 51 2040 169 243360
991 53 2120 271 391740
992 13 1914 32 44680
993 50 2635 330 474839
994 1 40 1 40
995 84 4754 388 559129
996 0 0 0 0
997 60 5106 420 605046
998 57 2280 269 387122
999 0 0 0 0
1000 55 3594 300 429477
1001 0 0 0 0
1002 46 3234 158 226120
1003 15 3765 84 109989
1004 1 40 1 40
1005 0 0 0 0
1006 76 4434 359 515357
1007 0 0 0 0
1008 73 4314 346 497881
1009 0 0 0 0
1010 0 0 0 0
1011 47 3274 279 406024
1012 91 4952 462 666178
1013 67 5117 434 624835
1014 3 756 4 297
1015 1 1434 1 40
1016 43 1720 358 517468
1017 0 0 0 0
1018 1 40 1 40
1019 64 3954 283 406354
1020 1 203 1 40
1021 82 4714 342 485909
1022 0 0 0 0
1023 0 0 0 0
1024 39 2956 146 208208
1025 22 919 56 76259
1026 0 0 0 0
1027 103 6828 620 892621
1028 1 40 1 40
1029 2 119 2 119
1030 52 3476 378 549340
1031 0 0 0 0
1032 41 3036 345 497320
1033 5 2165 6 379
1034 43 3155 311 443445
1035 1 40 1 40
1036 0 0 0 0
1037 0 0 0 0
1038 40 2996 305 434857
1039 0 0 0 0
1040 53 4590 258 357142
1041 0 0 0 0
1042 50 3312 414 597153
1043 47 3276 366 528794
1044 0 0 0 0
1045 1 40 1 40
1046 49 3356 391 563014
1047 0 0 0 0
1048 40 2996 331 476932
1049 1 40 1 40
1050 0 0 0 0
1051 35 2797 166 238128
1052 0 0 0 0
1053 21 2237 99 141160
1054 23 1556 84 116327
1055 2 1477 2 80
1056 47 1880 186 269202
1057 0 0 0 0
1058 159 9070 737 1056330
1059 1 40 1 40
1060 0 0 0 0
1061 36 2837 177 255625
1062 3 144 3 120
1063 3 646 4 299
1064 47 3277 238 340128
1065 0 0 0 0
1066 55 3597 306 441056
1067 0 0 0 0
1068 0 0 0 0
1069 4 1206 5 400
1070 48 3317 160 228451
1071 0 0 0 0
1072 0 0 0 0
1073 0 0 0 0
1074 0 0 0 0
1075 78 5830 412 590202
1076 3 120 3 2298
1077 0 0 0 0
1078 0 0 0 0
1079 5 263 5 239
1080 0 0 0 0
1081 25 2397 72 102173
1082 0 0 0 0
1083 0 0 0 0
1084 2 119 2 119
1085 34 2757 178 254033
1086 0 0 0 0
1087 2 119 2 119
1088 0 0 0 0
1089 0 0 0 0
1090 0 0 0 0
1091 84 4757 345 496900
1092 0 0 0 0
1093 3 656 4 299
1094 2 718 3 257
1095 0 0 0 0
1096 51 3437 208 298120
1097 40 2641 252 357166
1098 2 119 2 119
1099 0 0 0 0
1100 0 0 0 0
1101 0 0 0 0
1102 60 3797 361 519105
1103 0 0 0 0
1104 0 0 0 0
1105 41 2953 129 183366
1106 0 0 0 0
1107 61 3837 359 518104
1108 0 0 0 0
1109 0 0 0 0
1110 0 0 0 0
1111 0 0 0 0
1112 0 0 0 0
1113 37 2877 157 224273
1114 0 0 0 0
1115 0 0 0 0
1116 0 0 0 0
1117 0 0 0 0
1118 0 0 0 0
1119 0 0 0 0
1120 0 0 0 0
1121 0 0 0 0
1122 0 0 0 0
1123 4 686 5 339
1124 0 0 0 0
1125 3 1363 4 360
1126 0 0 0 0
1127 0 0 0 0
1128 0 0 0 0
1129 0 0 0 0
1130 0 0 0 0
1131 0 0 0 0
1132 0 0 0 0
1133 1 40 1 40
1134 2 712 3 257
1135 0 0 0 0
1136 0 0 0 0
1137 4 223 4 160
1138 2 119 2 119
1139 0 0 0 0
1140 4 223 4 160
1141 0 0 0 0
1142 0 0 0 0
1143 1 40 1 40
1144 0 0 0 0
1145 0 0 0 0
1146 0 0 0 0
1147 0 0 0 0
1148 0 0 0 0
1149 0 0 0 0
1150 0 0 0 0
1151 0 0 0 0
1152 0 0 0 0
1153 7 1811 9 699
1154 1 40 1 40
1155 0 0 0 0
1156 0 0 0 0
1157 2 119 2 119
1158 0 0 0 0
1159 0 0 0 0
1160 0 0 0 0
1161 0 0 0 0
1162 0 0 0 0
1163 3 1111 4 360
1164 1 40 1 40
1165 0 0 0 0
1166 0 0 0 0
1167 0 0 0 0
1168 0 0 0 0
1169 0 0 0 0
1170 0 0 0 0
1171 0 0 0 0
1172 0 0 0 0
1173 0 0 0 0
1174 3 848 4 297
1175 0 0 0 0
1176 0 0 0 0
1177 0 0 0 0
1178 0 0 0 0
1179 0 0 0 0
1180 0 0 0 0
1181 0 0 0 0
1182 0 0 0 0
1183 3 760 4 299
1184 1 40 1 40
1185 0 0 0 0
1186 0 0 0 0
1187 0 0 0 0
1188 0 0 0 0
1189 0 0 0 0
1190 0 0 0 0
1191 4 223 4 160
1192 0 0 0 0
1193 0 0 0 0
1194 0 0 0 0
1195 1 40 1 40
1196 0 0 0 0
1197 0 0 0 0
1198 11 1651 17 11095
1199 0 0 0 0
1200 0 0 0 0
1201 0 0 0 0
1202 0 0 0 0
1203 0 0 0 0
1204 0 0 0 0
1205 1 40 1 40
1206 6 797 5 3230
1207 11 1680 14 6170
1208 0 0 0 0
1209 0 0 0 0
1210 0 0 0 0
1211 4 223 4 160
1212 0 0 0 0
1213 3 621 4 299
1214 2 713 3 257
1215 4 1754 5 400
1216 0 0 0 0
1217 1 40 1 40
1218 0 0 0 0
1219 0 0 0 0
1220 0 0 0 0
1221 0 0 0 0
1222 1 75 2 111
1223 0 0 0 0
1224 0 0 0 0
1225 1 40 1 40
1226 0 0 0 0
1227 1 40 1 40
1228 3 144 3 120
1229 0 0 0 0
1230 0 0 0 0
1231 0 0 0 0
1232 0 0 0 0
1233 0 0 0 0
1234 0 0 0 0
1235 14 1849 22 17125
1236 0 0 0 0
1237 1 40 1 40
1238 0 0 0 0
1239 0 0 0 0
1240 3 3423 3 120
1241 13 559 20 26915
1242 0 0 0 0
1243 77 12550 180 217283
1244 142 8218 460 645934
1245 27 2403 108 153493
1246 4 1118 6 514
1247 95 5214 446 639896
1248 43 3045 206 296005
1249 18 1735 30 19467
1250 14 2955 17 2721
1251 28 31559 29 1499
1252 0 0 0 0
1253 4 1005 5 339
1254 2 702 3 257
1255 0 0 0 0
1256 0 0 0 0
1257 108 7060 795 1146356
1258 38 1520 330 478656
1259 0 0 0 0
1260 0 0 0 0
1261 5 3943 6 440
1262 0 0 0 0
1263 1 40 1 40
1264 2 708 3 257
1265 2 119 2 119
1266 0 0 0 0
1267 0 0 0 0
1268 2 80 2 80
1269 0 0 0 0
1270 0 0 0 0
1271 0 0 0 0
1272 46 3166 442 638614
1273 0 0 0 0
1274 3 747 4 297
1275 0 0 0 0
1276 0 0 0 0
1277 0 0 0 0
1278 1 40 1 40
1279 0 0 0 0
1280 0 0 0 0
1281 0 0 0 0
1282 0 0 0 0
1283 7 2078 9 699
1284 1 40 1 40
1285 1 1455 1 40
1286 76 3040 819 1214984
1287 0 0 0 0
1288 1 40 1 40
1289 0 0 0 0
1290 0 0 0 0
1291 0 0 0 0
1292 53 3447 441 636798
1293 0 0 0 0
1294 1 40 1 40
1295 0 0 0 0
1296 0 0 0 0
1297 0 0 0 0
1298 1 40 1 40
1299 0 0 0 0
1300 0 0 0 0
1301 0 0 0 0
1302 1 40 1 40
1303 0 0 0 0
1304 1 40 1 40
1305 0 0 0 0
1306 0 0 0 0
1307 0 0 0 0
1308 6 357 6 357
1309 1 40 1 40
1310 0 0 0 0
1311 0 0 0 0
1312 43 3678 356 507296
1313 6 1970 8 659
1314 0 0 0 0
1315 1 40 1 40
1316 0 0 0 0
1317 0 0 0 0
1318 0 0 0 0
1319 1 40 1 40
1320 0 0 0 0
1321 119 6175 847 1221221
1322 2 80 2 80
1323 2 119 2 119
1324 0 0 0 0
1325 1 40 1 40
1326 0 0 0 0
1327 23 2247 199 288345
1328 22 880 191 274089
1329 0 0 0 0
1330 0 0 0 0
1331 0 0 0 0
1332 0 0 0 0
1333 0 0 0 0
1334 0 0 0 0
1335 1 40 1 40
1336 0 0 0 0
1337 0 0 0 0
1338 1 40 1 40
1339 0 0 0 0
1340 0 0 0 0
1341 0 0 0 0
1342 0 0 0 0
1343 3 640 4 299
1344 0 0 0 0
1345 1 40 1 40
1346 0 0 0 0
1347 32 2608 345 497620
1348 0 0 0 0
1349 0 0 0 0
1350 0 0 0 0
1351 0 0 0 0
1352 2 711 3 257
1353 0 0 0 0
1354 0 0 0 0
1355 101 5456 857 1237099
1356 0 0 0 0
1357 0 0 0 0
1358 0 0 0 0
1359 3 144 3 120
1360 0 0 0 0
1361 0 0 0 0
1362 0 0 0 0
1363 0 0 0 0
1364 0 0 0 0
1365 1 40 1 40
1366 0 0 0 0
1367 6 357 6 357
1368 0 0 0 0
1369 0 0 0 0
1370 0 0 0 0
1371 0 0 0 0
1372 0 0 0 0
1373 3 641 4 299
1374 0 0 0 0
1375 29 2488 270 387609
1376 11 440 75 108392
1377 4 223 4 160
1378 0 0 0 0
1379 0 0 0 0
1380 0 0 0 0
1381 0 0 0 0
1382 0 0 0 0
1383 0 0 0 0
1384 0 0 0 0
1385 0 0 0 0
1386 1 40 1 40
1387 0 0 0 0
1388 0 0 0 0
1389 0 0 0 0
1390 0 0 0 0
1391 0 0 0 0
1392 2 714 3 257
1393 0 0 0 0
1394 0 0 0 0
1395 0 0 0 0
1396 1 40 1 40
1397 0 0 0 0
1398 0 0 0 0
1399 0 0 0 0
1400 0 0 0 0
1401 0 0 0 0
1402 0 0 0 0
1403 3 641 4 299
1404 0 0 0 0
1405 0 0 0 0
1406 39 2888 447 645351
1407 0 0 0 0
1408 0 0 0 0
1409 0 0 0 0
1410 0 0 0 0
1411 0 0 0 0
1412 0 0 0 0
1413 0 0 0 0
1414 0 0 0 0
1415 0 0 0 0
1416 0 0 0 0
1417 1 40 1 40
1418 0 0 0 0
1419 0 0 0 0
1420 8 446 8 320
1421 4 223 4 160
1422 0 0 0 0
1423 0 0 0 0
1424 0 0 0 0
1425 0 0 0 0
1426 0 0 0 0
1427 1 40 1 40
1428 0 0 0 0
1429 0 0 0 0
1430 0 0 0 0
1431 0 0 0 0
1432 2 711 3 257
1433 3 639 4 299
1434 0 0 0 0
1435 0 0 0 0
1436 99 5376 879 1269636
1437 0 0 0 0
1438 0 0 0 0
1439 0 0 0 0
1440 0 0 0 0
1441 0 0 0 0
1442 0 0 0 0
1443 0 0 0 0
1444 0 0 0 0
1445 1 1368 1 40
1446 62 2480 454 656018
1447 0 0 0 0
1448 0 0 0 0
1449 0 0 0 0
1450 0 0 0 0
1451 0 0 0 0
1452 0 0 0 0
1453 0 0 0 0
1454 0 0 0 0
1455 0 0 0 0
1456 1 40 1 40
1457 0 0 0 0
1458 0 0 0 0
1459 0 0 0 0
1460 0 0 0 0
1461 0 0 0 0
1462 0 0 0 0
1463 3 640 4 299
1464 0 0 0 0
1465 0 0 0 0
1466 1 40 1 40
1467 0 0 0 0
1468 0 0 0 0
1469 0 0 0 0
1470 0 0 0 0
1471 0 0 0 0
1472 2 713 3 257
1473 0 0 0 0
1474 0 0 0 0
1475 0 0 0 0
1476 0 0 0 0
1477 1 40 1 40
1478 0 0 0 0
1479 0 0 0 0
1480 0 0 0 0
1481 0 0 0 0
